9218417
9218430
9218436
9218454
9218460
9218466
9218504
9218522
9218528
9218566
9218570
9218584
9218598
9218612
9218630
9218634
9218668
92186729218674
9218756
92195269219534
9219622
9219648
92196849221505
92215289221529
9221543 PAN


9219133
9219215
9219237
9219259
9219542 PRD



9218269
9218272
9218273
9218297
9218309
9218335
9218337

9218339
9218353
9218355
9218357
9218359
9218363
9218385
9218387
9218391
9218397

9218694
9218698
9218714
9218717
9218720
9218722
9218735
9218738
9218865
9218867

9218877
9218881
9218883
9218895
9218899
9218901
9218903
9218906
9218907
9218910

9218923
9218933
9218947
9218969
9218977
9218983
9218991
9218997
9219003
9219005

9219011
9219025
9219041
9219043
9219047
9219063
9219065
9219071
9219085
9219099

9219107
9219137
9219139
9219141
9219180
9219196
9219202
9219359
9219361
9219446

9219460
9219550
9219564
9219570
9219578
9219588
9219590
9219666
9219694
9219696

9219714
9219738
9219752
9221518
9221520
9221521
9221522 PRI

9218736
9219016
9219055
9219059
9219127
9219204
9219313
9219321
9219478
9219656

9219716
9219720
9221519 PVEM

9219488
9219500
9219504
9219512
9219522
9219556
9219760
9219763 MORENA


--------SENADORES---------

9218842
9219121
9219157
9219191
9219201
9219536
9219540
9219755
9220634
9220702
9220746
9220753
9220861
9220867
9220869
9220873
9220876
9221230 PRI

9218848
9219088
9219151
9221041
9221065
9221080
9221142
9221495 PAN
